428
863
355
484
912
361
791
994
119
332
385
690
476
458
960
249
403
264
752
961
193
191
789
584
491
161
382
133
551
140
347
307
652
706
467
106
921
573
862
185
86
260
3
734
433
739
336
928
498
701
90
275
640
50
245
472
35
731
316
264
795
453
57
776
967
983
619
873
538
10
208
253
26
530
889
131
825
180
232
297
339
833
471
489
847
704
614
836
52
867
26
359
492
948
764
518
534
811
682
896
531
260
911
24
685
864
749
901
388
600
853
151
583
348
688
983
196
36
408
550
932
582
413
338
86
471
85
461
341
343
857
692
588
14
698
266
438
983
996
826
290
812
402
898
836
983
52
766
34
798
874
44
685
622
846
551
479
668
420
217
52
258
120
805
113
175
162
66
650
681
373
234
522
522
426
228
880
426
619
777
468
314
213
725
477
721
290
24
280
640
82
251
345
402
433
9
577
108
259
718
467
105
428
630
644
711
928
782
117
84
389
162
28
395
648
557
959
591
786
637
658
685
375
439
959
715
299
392
372
13
702
381
781
942
858
506
298
459
211
398
376
348
19
323
549
374
826
510
618
549
93
598
392
113
240
690
476
486
555
379
109
461
4
454
714
592
660
408
866
698
115
295
936
548
295
809
123
431
940
244
120
351
461
76
517
314
447
511
551
721
956
127
776
209
405
884
495
468
422
362
264
104
438
428
870
58
327
818
760
459
167
270
298
762
139
520
219
285
619
116
413
354
705
555
924
946
128
707
527
595
782
112
611
961
543
548
179
95
28
180
85
759
355
970
918
981
693
569
441
785
347
25
841
111
430
780
832
720
74
112
881
103
781
613
433
658
682
883
262
506
489
320
966
688
271
36
418
613
991
118
949
100
66
928
587
500
63
668
679
941
660
75
929
366
472
981
539
113
169
17
70
861
445
164
108
106
262
786
319
273
368
311
966
268
65
230
601
745
962
228
960
692
210
821
762
952
43
737
528
623
828
282
94
679
471
871
303
170
302
801
33
135
697
104
830
17
760
289
448
166
399
808
229
939
970
9
148
680
155
664
287
579
211
838
118
300
207
596
976
853
396
389
479
368
229
766
667
840
147
241
79
310
640
695
290
944
52
498
766
883
973
437
750
13
504
76
602
46
452
853
453
204
319
657
23
30
778
800
473
762
215
201
913
631
90
993
802
243
962
972
301
32
557
489
890
474
811
139
42
182
364
89
33
821
938
662
688
956
483
87
681
487
659
835
96
956
754
535
903
639
239
250
907
156
83
728
235
841
802
117
661
443
692
695
47
375
950
447
676
705
437
568
452
853
268
620
50
231
162
134
347
5
987
448
879
670
632
284
450
248
533
430
422
801
755
415
503
902
678
826
245
839
124
178
244
516
577
809
84
441
461
161
754
635
66
343
700
662
680
91
396
996
102
903
784
411
531
669
444
630
552
640
493
696
323
294
492
5
253
493
61
7
173
863
24
112
387
967
921
898
982
580
781
413
14
357
814
54
993
912
397
856
908
933
147
359
539
859
924
531
975
258
598
560
831
288
495
490
619
500
306
56
570
896
339
834
239
293
179
302
34
955
449
805
241
993
774
66
850
987
597
371
339
846
6
616
476
250
805
974
797
65
584
347
115
572
867
37
384
332
862
243
150
818
985
36
759
582
491
572
407
761
958
616
198
678
144
552
251
845
559
355
282
904
998
423
643
231
846
706
293
43
469
457
979
988
290
254
874
790
326
454
26
570
303
968
595
996
501
564
763
420
943
833
147
709
902
640
125
585
350
932
842
37
548
857
413
562
962
499
908
447
224
564
494
727
416
975
887
620
496
396
942
547
393
254
606
126
398
816
390
619
858
570
194
527
58
249
476
133
616
616
290
711
429
390
213
610
550
391
812
897
19
400
619
183
575
893
836
75
555
340
4
450
542
467
624
477
948
170
992
732
836
361
303
133
764
84
718
327
402
324
544
671
676
509
139
154
2
833
946
352
623
726
399
739
234
431
163
656
723
80
771
971
424
827
480
862
196
331
964
514
213
436
32
686
118
747
858
611
202
132
907
480
869
381
198
278
220
680
592
480
880
174
166
560
601
441
969
58
178
563
83
689
708
938
312
462
447
296
376
376
960
570
824
72
647
317
326
990
903
746
735
227
14
382
144
753
856
921
594
786
133
571
426
377
930
556
107
302
849
617
216
24
733
631
242
265
671
372
850
83
58
158
886
272
842
556
913
103
777
904
25
892
893
217
251
368
368
436
655
84
292
606
868
894
832
398
907
66
