105
765
540
674
446
502
281
485
167
395
72
74
23
193
768
589
174
45
125
380
110
348
765
548
491
168
643
585
309
655
657
260
374
769
750
401
718
617
396
320
251
95
12
504
126
8
425
29
355
357
154
725
695
737
569
266
100
775
41
119
51
452
160
63
720
54
431
481
561
333
69
352
518
415
591
783
711
281
57
452
655
80
173
458
166
6
201
70
589
115
562
230
430
197
45
309
275
53
46
585
230
121
459
477
366
697
294
122
453
486
40
763
678
658
15
291
282
85
643
50
310
792
690
471
182
239
88
75
758
66
98
392
6
23
742
606
653
246
465
75
58
367
721
708
747
27
632
569
280
154
371
571
413
690
281
154
229
203
648
646
330
229
757
86
403
682
412
387
629
784
469
399
210
155
163
197
505
212
731
353
519
301
779
197
205
263
11
489
489
384
207
766
15
716
371
620
53
326
589
650
483
240
72
504
789
454
50
728
290
723
433
705
191
389
77
743
774
726
341
379
128
147
549
224
597
591
440
778
327
708
530
119
797
598
572
388
736
269
686
319
160
402
541
303
587
329
168
508
608
433
667
11
753
756
221
156
69
669
23
422
603
444
158
782
295
384
283
522
82
138
763
267
211
766
575
430
471
295
300
639
591
31
384
519
772
447
9
761
12
435
8
588
61
686
719
207
732
486
450
589
611
303
385
552
206
650
491
206
4
445
222
331
296
242
602
466
542
702
502
462
596
74
90
334
357
777
767
410
688
489
701
515
288
377
464
433
503
121
357
458
39
568
690
771
170
474
65
334
674
195
460
756
3
46
688
169
576
475
373
678
489
73
453
354
537
83
499
796
411
517
636
267
526
78
754
25
300
244
628
770
351
574
541
653
704
220
429
417
606
487
30
790
247
149
73
205
611
578
641
622
255
377
455
647
614
111
341
232
415
382
416
674
786
400
87
92
161
647
796
308
732
161
48
209
633
168
238
63
339
545
534
406
607
578
387
96
525
481
259
648
547
248
96
739
559
474
521
244
72
158
715
519
705
515
248
321
82
175
51
643
229
283
454
384
50
102
309
390
592
504
356
462
504
204
758
756
473
539
322
526
137
759
176
704
257
9
336
452
608
659
701
476
265
658
499
711
651
529
192
149
153
630
229
383
136
542
582
660
533
712
91
626
736
244
52
349
521
423
488
570
187
273
323
220
254
260
590
150
692
324
144
494
147
287
18
413
694
215
49
542
508
647
594
496
688
7
575
82
62
544
735
368
414
667
139
77
161
185
167
651
67
421
190
72
661
323
146
271
402
212
356
253
370
172
415
512
273
309
127
364
8
373
375
341
203
680
246
667
659
475
99
698
54
431
749
599
282
755
8
130
564
792
461
240
305
618
260
433
677
382
457
755
708
73
214
601
415
110
299
497
342
653
80
126
734
524
712
486
205
619
788
234
764
559
386
726
53
77
235
674
387
483
672
644
660
781
440
419
451
333
756
121
413
383
284
415
220
713
123
280
233
432
269
84
49
776
55
521
197
630
272
426
443
232
375
583
515
277
75
630
290
96
55
364
719
732
336
138
119
277
445
427
785
434
207
422
479
592
376
677
195
548
253
8
203
500
80
786
405
214
328
536
534
737
630
292
483
761
403
709
415
266
425
186
219
290
389
264
586
511
46
241
75
714
365
751
435
192
411
771
777
107
84
368
539
226
478
0
289
422
310
21
451
446
577
153
310
494
123
60
122
493
59
644
627
574
670
775
685
112
453
799
333
633
735
653
712
98
535
415
404
386
225
702
760
697
170
526
212
287
767
29
526
107
793
235
68
417
169
799
26
274
456
470
293
228
228
69
191
406
257
245
389
122
102
348
174
602
277
649
777
552
557
188
679
678
113
654
490
242
237
185
476
686
28
333
270
560
93
71
140
270
141
715
671
493
363
652
493
434
738
179
386
619
714
176
318
187
375
510
745
723
86
540
240
128
607
260
122
581
599
580
778
0
487
45
613
14
780
437
137
611
645
782
395
588
160
223
190
727
322
42
288
635
68
260
713
215
115
55
603
780
184
77
699
89
543
313
656
624
352
207
757
508
497
285
208
415
0
414
216
674
389
697
360
480
529
151
722
701
369
265
267
267
370
0
103
298
727
52
203
492
356
392
4
157
359
561
520
648
312
408
790
282
131
102
343
305
703
484
198
445
125
792
320
359
456
385
411
768
722
370
652
594
323
187
750
522
344
70
1
354
395
428
248
292
427
252
667
431
199
60
656
259
367
391
11
403
409
707
