218
310
744
3
277
5
369
253
381
957
466
11
750
830
14
349
904
114
18
460
20
409
146
23
754
611
26
27
595
606
30
670
90
273
34
35
36
607
950
391
475
41
522
43
227
592
902
150
125
561
50
258
52
147
54
55
672
57
182
628
60
733
62
63
64
944
66
761
719
165
116
71
72
73
791
488
583
77
361
79
666
207
225
177
84
234
202
87
88
89
32
45
644
814
922
267
562
649
418
99
100
157
469
608
538
962
506
548
398
74
110
81
462
53
417
923
289
617
118
435
120
567
508
123
124
48
126
127
128
129
130
131
132
133
886
362
539
653
783
38
999
141
96
249
709
142
809
113
477
584
282
108
152
153
794
214
156
731
158
767
530
161
162
61
379
83
307
167
920
437
392
970
918
841
659
175
454
742
612
233
180
21
415
183
586
802
186
187
85
189
190
327
192
745
194
195
768
42
198
448
200
201
780
203
797
205
206
747
208
209
701
463
638
213
290
215
216
989
171
219
220
560
222
836
224
511
803
718
2
938
546
346
283
915
315
235
236
492
281
294
966
241
232
907
658
245
246
247
265
726
250
465
252
7
585
948
256
486
777
259
260
261
483
721
356
855
872
908
268
174
94
338
46
723
274
275
576
300
439
822
620
786
499
796
284
993
67
332
288
536
682
941
932
826
865
295
296
994
875
299
47
504
302
303
479
196
306
787
308
309
457
311
312
313
95
846
316
9
318
319
389
321
322
357
324
489
326
278
328
350
833
667
987
333
334
335
336
828
339
771
340
341
580
343
393
298
244
470
264
727
68
351
960
840
354
680
459
782
358
359
527
374
975
749
364
166
500
367
698
526
370
371
979
866
78
375
893
377
378
164
380
8
382
717
805
145
386
387
388
320
390
925
835
344
394
383
661
140
347
366
621
401
176
996
467
485
728
407
408
231
293
411
412
1
155
58
111
159
619
291
420
421
330
423
80
722
426
427
818
429
495
431
432
788
376
880
551
169
438
885
440
441
635
443
444
597
446
447
627
449
555
977
834
690
813
455
456
552
458
301
753
971
480
842
230
251
10
285
468
102
991
808
472
473
28
762
221
674
772
154
112
481
482
934
484
105
603
487
741
325
490
491
237
843
243
599
239
76
498
403
969
51
502
106
348
505
59
4
542
509
143
82
210
513
424
601
516
517
518
669
598
974
197
400
524
525
24
360
528
781
655
531
532
533
639
889
413
172
104
136
540
541
342
995
544
545
402
547
569
549
148
223
40
503
554
395
862
557
558
559
101
700
602
705
564
735
566
445
568
6
512
891
572
573
691
575
65
928
399
270
122
942
582
497
860
831
13
587
49
589
590
591
56
593
594
625
92
204
824
430
879
515
998
677
604
973
29
951
507
609
610
212
956
613
614
615
616
151
257
851
945
69
622
623
624
863
626
829
269
629
115
631
839
633
535
738
636
978
821
173
640
919
642
906
280
645
662
647
648
97
650
651
652
0
654
160
997
657
707
553
665
752
646
663
664
660
44
263
168
519
31
671
272
271
550
675
33
687
678
144
637
681
450
683
428
685
686
618
688
689
453
574
848
693
694
695
757
697
474
699
588
570
22
703
139
563
706
15
708
537
138
711
712
713
882
715
895
600
39
240
605
331
425
676
724
874
510
181
406
858
730
743
732
163
734
565
442
737
25
739
740
75
211
476
228
193
746
255
790
419
12
981
806
19
107
755
756
696
758
759
760
286
352
581
764
765
766
276
248
769
770
837
478
773
287
775
776
501
778
779
86
529
323
630
896
785
416
404
433
789
571
117
792
894
304
795
242
679
798
297
800
801
185
226
804
384
396
807
471
954
810
811
812
464
850
135
816
817
844
819
820
888
279
784
520
825
716
793
596
799
184
710
832
422
774
496
103
673
838
543
958
534
579
493
684
845
262
847
692
849
926
98
852
853
854
305
856
857
109
859
149
861
556
452
345
916
217
867
199
869
870
238
266
873
368
514
876
877
878
900
119
881
229
883
884
254
134
887
871
634
899
952
892
656
827
410
137
897
898
890
414
901
736
903
16
905
643
494
314
909
910
911
912
913
914
292
93
917
121
641
868
436
702
191
924
385
725
980
577
929
930
931
179
933
188
935
936
937
714
939
940
363
763
984
17
337
946
947
523
949
864
37
748
953
373
955
921
317
353
959
668
961
405
963
964
965
329
967
968
578
178
461
972
720
521
815
976
451
355
372
927
982
751
983
943
985
70
729
397
91
990
170
992
365
986
632
823
434
704
988
